16 0.536 0.588 0.619
116 0.555 0.641 0.696
216 0.631 0.710 0.738
316 0.690 0.769 0.795
416 0.775 0.824 0.857
516 0.843 0.887 0.921
616 0.895 0.957 0.988
716 0.982 1.051 1.106
816 1.067 1.123 1.142
916 1.126 1.304 2.208
1016 1.233 1.280 1.295
1116 1.267 1.355 1.378
1216 1.337 1.427 1.468
1316 1.420 1.506 1.537
1416 1.495 1.582 1.634
1470 1.541 1.630 1.657
1471 1.562 1.621 1.654
1472 1.515 1.617 1.659
1473 1.497 1.610 1.641
1474 1.540 1.615 1.634
1475 1.549 1.604 1.640
1476 1.560 1.622 1.648
1477 1.540 1.615 1.641
1478 1.551 1.612 1.653
1479 1.523 1.615 1.645
1480 1.556 1.624 1.660
1481 1.548 1.612 1.641
1482 1.530 1.611 1.662
1483 1.568 1.609 1.634
1484 1.564 1.609 1.644
1485 1.566 1.625 1.648
1486 1.585 1.617 1.640
1487 1.555 1.615 1.642
1488 1.555 1.619 1.649
1489 1.535 1.611 1.646
1490 1.577 1.627 1.648
1491 1.552 1.616 1.645
1492 1.561 1.621 1.643
1493 1.529 1.623 1.657
1494 1.537 1.613 1.645
1495 1.558 1.621 1.647
1496 1.555 1.618 1.644
1497 1.512 1.580 1.645
1498 1.519 1.594 1.626
1499 1.501 1.585 1.643
1500 1.529 1.569 1.640
1600 1.626 1.645 1.710
1700 1.557 1.641 1.820
1800 1.517 1.598 1.808
1900 1.519 1.628 1.792
2000 1.515 1.603 1.772
2100 1.513 1.637 1.921
2200 1.628 1.881 2.229
2300 1.946 2.213 2.305
2400 2.103 2.222 2.264
2500 2.090 2.227 2.253
2600 2.104 2.234 2.261
2700 2.106 2.232 2.261
2800 2.190 2.245 2.274
2900 2.101 2.235 2.276
3000 2.159 2.266 2.303
3100 2.129 2.273 2.312
3200 2.218 2.274 2.313
3300 2.217 2.267 2.306
3400 2.162 2.273 2.310
3500 2.152 2.273 2.307
3600 2.151 2.268 2.302
3700 2.189 2.259 2.296
3800 2.153 2.262 2.304
3900 2.143 2.250 2.286
4000 2.142 2.254 2.289
4100 2.170 2.255 2.289
4200 2.151 2.262 2.287
4300 2.132 2.261 2.302
4400 2.137 2.257 2.298
4500 2.183 2.274 2.370
4600 2.228 2.294 2.401
4700 2.222 2.271 2.301
4800 2.206 2.270 2.290
4900 2.200 2.264 2.286
5000 2.265 2.299 2.494
5100 2.247 2.308 2.528
5200 2.254 2.286 2.394
5300 2.245 2.288 2.431
5400 2.259 2.285 2.405
5500 2.265 2.322 2.532
5600 2.266 2.353 2.863
5700 2.251 2.316 2.490
5800 2.274 2.412 2.767
5900 2.580 2.794 2.915
6000 2.733 2.885 2.936
6100 2.721 2.886 2.924
6200 2.747 2.889 2.925
6300 2.711 2.867 2.908
6400 2.772 2.881 2.926
6500 2.707 2.878 2.920
6600 2.705 2.873 2.912
6700 2.732 2.882 2.910
6800 2.718 2.874 2.908
6900 2.770 2.885 2.921
7000 2.728 2.902 3.116
7100 2.803 2.880 2.920
7200 2.746 2.880 2.910
7300 2.785 2.884 2.920
7400 2.741 2.872 2.929
7500 2.720 2.881 2.926
7600 2.801 2.892 2.919
7700 2.789 2.904 3.050
7800 2.853 2.902 2.975
7900 2.809 2.902 3.024
8000 2.863 2.923 3.080
8100 2.815 2.887 2.914
8200 2.876 2.912 3.063
8300 2.795 2.883 2.904
8400 2.874 2.909 3.016
8500 2.851 2.908 3.022
8600 2.853 2.906 3.036
8700 2.874 2.906 2.990
8800 2.873 2.935 3.146
8900 2.891 2.923 3.040
9000 2.863 2.915 3.068
9100 2.887 2.909 2.990
9200 2.864 2.915 3.068
9300 2.879 2.986 3.195
9400 2.896 3.102 3.506
9500 2.899 3.263 3.517
9600 3.205 3.427 3.531
9700 3.379 3.492 3.523
9800 3.342 3.481 3.540
9900 3.264 3.478 3.536
10000 3.300 3.474 3.556
